0
X:
-0.9583823249471757
0.1938790211558219
0.8243576991079342
-1.0464904091906635
Y:
-1.4281419275740581
0.07988220283752767
-1.3683998368586843
1.3873213610946733
F:
0.013116994062652949
0.9166759721483547
0.021936176129150907
0.012142597354299197
MAX:0.9166759721483547
AVG:0.24096793492361446

1
X:
0.1938790211558219
0.1938790211558219
-1.147715959543914
-1.0464904091906635
Y:
-1.3683998368586843
0.07988220283752767
0.07988220283752767
1.3873213610946733
F:
0.050879402499231216
0.9166759721483547
0.11454757523585976
0.012142597354299197
MAX:0.9166759721483547
AVG:0.2735613868094362

2
X:
-1.1086127897189506
0.1938790211558219
0.3846242652351656
-1.0464904091906635
Y:
1.3873213610946733
0.07988220283752767
0.07988220283752767
1.3873213610946733
F:
0.010278733187941555
0.9166759721483547
0.742430651254518
0.012142597354299197
MAX:0.9166759721483547
AVG:0.4203819884862784

3
X:
0.3846242652351656
0.1938790211558219
-1.0464904091906635
-1.0464904091906635
Y:
0.30196753818672306
0.07988220283752767
1.3873213610946733
1.3873213610946733
F:
0.6353864726051481
0.9166759721483547
0.012142597354299197
0.012142597354299197
MAX:0.9166759721483547
AVG:0.3940869098655253

4
X:
0.2804211415311745
0.1938790211558219
0.01094349610042869
-1.0464904091906635
Y:
0.07988220283752767
0.07988220283752767
-0.002673390119093233
1.3873213610946733
F:
0.8465271483470741
0.9166759721483547
0.9997462260148361
0.012142597354299197
MAX:0.9997462260148361
AVG:0.693772985966141

5
X:
0.20742154417230563
0.1938790211558219
0.01094349610042869
-1.0464904091906635
Y:
-0.002673390119093233
0.07988220283752767
0.07988220283752767
1.3873213610946733
F:
0.918363872181764
0.9166759721483547
0.9871030743966464
0.012142597354299197
MAX:0.9871030743966464
AVG:0.7085713790202661

6
X:
0.20742154417230563
0.1938790211558219
0.01094349610042869
-1.0464904091906635
Y:
-0.002673390119093233
0.07988220283752767
-0.002673390119093233
1.3873213610946733
F:
0.918363872181764
0.9166759721483547
0.9997462260148361
0.012142597354299197
MAX:0.9997462260148361
AVG:0.7117321669248136

7
X:
0.20742154417230563
0.1938790211558219
0.20742154417230563
-1.0464904091906635
Y:
1.3873213610946733
0.07988220283752767
-0.002673390119093233
1.3873213610946733
F:
0.04710075761656553
0.9166759721483547
0.918363872181764
0.012142597354299197
MAX:0.918363872181764
AVG:0.47357079982524586

8
X:
0.20742154417230563
0.1938790211558219
0.20742154417230563
-1.0464904091906635
Y:
1.3873213610946733
0.07988220283752767
0.07988220283752767
1.3873213610946733
F:
0.04710075761656553
0.9166759721483547
0.9069861764381401
0.012142597354299197
MAX:0.9166759721483547
AVG:0.47072637588933985

9
X:
0.1938790211558219
0.1938790211558219
0.1938790211558219
-1.0464904091906635
Y:
0.07988220283752767
0.07988220283752767
1.3873213610946733
1.3873213610946733
F:
0.9166759721483547
0.9166759721483547
0.04744431246392917
0.012142597354299197
MAX:0.9166759721483547
AVG:0.4732347135287345

10
X:
0.1938790211558219
0.1938790211558219
0.1938790211558219
-1.0464904091906635
Y:
0.07988220283752767
0.07988220283752767
0.07988220283752767
1.3873213610946733
F:
0.9166759721483547
0.9166759721483547
0.9166759721483547
0.012142597354299197
MAX:0.9166759721483547
AVG:0.6905426284498408

20
X:
0.1938790211558219
0.1938790211558219
0.2518433647534268
-1.0464904091906635
Y:
0.07988220283752767
0.07988220283752767
0.07988220283752767
1.3873213610946733
F:
0.9166759721483547
0.9166759721483547
0.871722795285177
0.012142597354299197
MAX:0.9166759721483547
AVG:0.6793043342340465

50
X:
-0.06706489950368912
0.1938790211558219
0.09571955624409377
-1.0464904091906635
Y:
0.07988220283752767
0.07988220283752767
0.07988220283752767
1.3873213610946733
F:
0.9785347443829407
0.9166759721483547
0.9695073353110581
0.012142597354299197
MAX:0.9785347443829407
AVG:0.7192151622991632

100
X:
-0.0030377238020134895
0.1938790211558219
-0.0030377238020134895
-1.0464904091906635
Y:
0.12269199953284837
0.07988220283752767
0.10745339439460466
1.3873213610946733
F:
0.970433116608232
0.9166759721483547
0.97721883526795
0.012142597354299197
MAX:0.97721883526795
AVG:0.719117630344709

200
X:
-0.27831466811699135
0.1938790211558219
-0.043418317442512844
-1.0464904091906635
Y:
-0.10481678685990978
0.07988220283752767
-0.10481678685990978
1.3873213610946733
F:
0.8409725586894351
0.9166759721483547
0.9746651705164356
0.012142597354299197
MAX:0.9746651705164356
AVG:0.6861140746771311

500
X:
0.23934227526880025
0.1938790211558219
0.02796961769419179
-1.0464904091906635
Y:
0.07988220283752767
0.07988220283752767
0.07988220283752767
1.3873213610946733
F:
0.8821552478381177
0.9166759721483547
0.9858003832465235
0.012142597354299197
MAX:0.9858003832465235
AVG:0.6991935501468238

1000
X:
0.18216819314442873
0.1938790211558219
0.2551859093307802
-1.0464904091906635
Y:
0.2975375100743255
0.07988220283752767
0.07988220283752767
1.3873213610946733
F:
0.7893294170914417
0.9166759721483547
0.8688702299194716
0.012142597354299197
MAX:0.9166759721483547
AVG:0.6467545541283918

5000
X:
0.1938790211558219
0.1938790211558219
-1.0464904091906635
-1.0464904091906635
Y:
0.07988220283752767
0.07988220283752767
-0.012223168086026638
1.3873213610946733
F:
0.9166759721483547
0.9166759721483547
0.15961600673293116
0.012142597354299197
MAX:0.9166759721483547
AVG:0.5012776370959849

10000
X:
0.1938790211558219
0.1938790211558219
0.1938790211558219
-1.0464904091906635
Y:
0.07988220283752767
0.07988220283752767
0.07988220283752767
1.3873213610946733
F:
0.9166759721483547
0.9166759721483547
0.9166759721483547
0.012142597354299197
MAX:0.9166759721483547
AVG:0.6905426284498408

20000
X:
0.1938790211558219
0.1938790211558219
0.14778315053060648
-1.0464904091906635
Y:
0.07988220283752767
0.07988220283752767
0.14264365500075374
1.3873213610946733
F:
0.9166759721483547
0.9166759721483547
0.9198832394110149
0.012142597354299197
MAX:0.9198832394110149
AVG:0.6913444452655059

50000
X:
0.1938790211558219
0.1938790211558219
0.1938790211558219
-1.0464904091906635
Y:
0.07988220283752767
0.07988220283752767
0.054874871826559674
1.3873213610946733
F:
0.9166759721483547
0.9166759721483547
0.9227489177332435
0.012142597354299197
MAX:0.9227489177332435
AVG:0.6920608648460631

